mode
3
player_turn
WHITE
Boards
(255, 255, 255)
(255, 255, 255)
(255, 255, 255)
(255, 255, 255)
0
0
0
0
0
0
0
0
(0, 0, 0)
(0, 0, 0)
(0, 0, 0)
(0, 0, 0)
(255, 255, 255)
(255, 255, 255)
(255, 255, 255)
0
0
0
0
0
0
(255, 255, 255)
0
0
(0, 0, 0)
(0, 0, 0)
(0, 0, 0)
(0, 0, 0)
(255, 255, 255)
(255, 255, 255)
(255, 255, 255)
0
0
0
0
0
0
(255, 255, 255)
0
0
(0, 0, 0)
(0, 0, 0)
(0, 0, 0)
(0, 0, 0)
(255, 255, 255)
(255, 255, 255)
(255, 255, 255)
(255, 255, 255)
0
0
0
0
0
0
0
0
(0, 0, 0)
(0, 0, 0)
(0, 0, 0)
(0, 0, 0)
